/input0.txt
horizontal
#,#,#,#,#,#
4,0,0,#,#,#
10,0,0,0,0,#
#,10,0,0,0,0
#,#,#,3,0,0
vertical
#,3,6,#,#,#
#,0,0,7,8,#
#,0,0,0,0,3
#,#,0,0,0,0
#,#,#,#,0,0
ans
# S S # # #
S 1 3 S S #
S 2 1 3 4 S
# S 2 4 3 1
# # # S 1 2

/input1.txt
horizontal
#,#,#,#,#,#,#,#
16,0,0,#,24,0,0,0
17,0,0,29,0,0,0,0
35,0,0,0,0,0,#,#
#,7,0,0,8,0,0,#
#,#,16,0,0,0,0,0
21,0,0,0,0,5,0,0
6,0,0,0,#,3,0,0
vertical
#,23,30,#,#,27,12,16
#,0,0,#,17,0,0,0
#,0,0,15,0,0,0,0
#,0,0,0,0,0,12,#
#,#,0,0,7,0,0,7
#,11,10,0,0,0,0,0
#,0,0,0,0,#,0,0
#,0,0,0,#,#,0,0
ans
# S S # # S S S
S 9 7 # S 8 7 9
S 8 9 S 8 9 5 7
S 6 8 5 9 7 S #
# S 6 1 S 2 6 S
# S S 4 6 1 3 2
S 8 9 3 1 S 1 4
S 3 1 2 # S 2 1

/input2.txt
horizontal
#,#,#,#,#,#,#,#,#,#,#,#,#,#
16,0,0,0,14,0,0,16,0,0,7,0,0,0
7,0,0,0,18,0,0,0,0,0,6,0,0,0
10,0,0,6,0,0,28,0,0,0,0,0,0,#
25,0,0,0,0,0,16,0,0,3,0,0,#,#
#,7,0,0,0,38,0,0,0,0,0,0,0,0
#,#,10,0,0,0,0,#,4,0,0,3,0,0
#,3,0,0,10,0,0,16,0,0,4,0,0,#
3,0,0,17,0,0,#,29,0,0,0,0,#,#
38,0,0,0,0,0,0,0,0,9,0,0,0,#
#,#,17,0,0,16,0,0,18,0,0,0,0,0
#,38,0,0,0,0,0,0,13,0,0,16,0,0
20,0,0,0,18,0,0,0,0,0,6,0,0,0
10,0,0,0,9,0,0,3,0,0,8,0,0,0
vertical
#,28,15,4,#,11,17,#,34,12,#,15,6,4
#,0,0,0,#,0,0,27,0,0,#,0,0,0
#,0,0,0,11,0,0,0,0,0,10,0,0,0
#,0,0,15,0,0,#,0,0,0,0,0,0,#
#,0,0,0,0,0,8,0,0,24,0,0,7,3
#,#,0,0,0,23,0,0,0,0,0,0,0,0
#,#,6,0,0,0,0,#,24,0,0,11,0,0
#,3,0,0,29,0,0,#,0,0,20,0,0,#
#,0,0,34,0,0,35,29,0,0,0,0,29,#
#,0,0,0,0,0,0,0,0,10,0,0,0,14
#,#,19,0,0,6,0,0,#,0,0,0,0,0
#,4,0,0,0,0,0,0,4,0,0,4,0,0
#,0,0,0,#,0,0,0,0,0,#,0,0,0
#,0,0,0,#,0,0,#,0,0,#,0,0,0
ans
# S S S # S S # S S # S S S
S 8 5 3 S 5 9 S 7 9 S 4 2 1
S 4 2 1 S 2 8 3 4 1 S 2 1 3
S 7 3 S 5 1 S 8 6 2 4 5 3 #
S 9 4 8 1 3 S 7 9 S 2 1 S S
# S 1 4 2 S 5 9 8 6 1 3 4 2
# # S 2 3 4 1 # S 1 3 S 2 1
# S 2 1 S 8 2 S 7 9 S 3 1 #
S 2 1 S 8 9 S S 9 8 7 5 S #
S 1 3 4 5 2 6 9 8 S 3 1 5 S
# # S 8 9 S 9 7 S 3 1 2 8 4
# S 9 6 7 3 5 8 S 4 9 S 9 7
S 3 8 9 S 2 7 5 3 1 S 1 3 2
S 1 2 7 S 1 8 S 1 2 S 3 4 1

/input3.txt
horizontal
#,#,#,#,#,#,#
4,0,0,23,0,0,0
10,0,0,13,0,0,0
24,0,0,0,0,#,#
#,#,27,0,0,0,0
7,0,0,0,13,0,0
23,0,0,0,5,0,0
vertical
#,19,9,#,24,12,16
#,0,0,#,0,0,0
#,0,0,18,0,0,0
#,0,0,0,0,21,11
#,9,10,0,0,0,0
#,0,0,0,#,0,0
#,0,0,0,#,0,0
ans
# S S # S S S
S 3 1 S 6 8 9
S 7 3 S 2 4 7
S 9 5 3 7 S S
# S S 4 9 8 6
S 1 4 2 S 9 4
S 8 6 9 S 4 1

/input4.txt
horizontal
#,#,#,#,#,#,#,#
16,0,0,#,24,0,0,0
17,0,0,29,0,0,0,0
35,0,0,0,0,0,#,#
#,7,0,0,8,0,0,#
#,#,16,0,0,0,0,0
21,0,0,0,0,5,0,0
6,0,0,0,#,3,0,0
vertical
#,23,30,#,#,27,12,16
#,0,0,#,17,0,0,0
#,0,0,15,0,0,0,0
#,0,0,0,0,0,12,#
#,#,0,0,7,0,0,7
#,11,10,0,0,0,0,0
#,0,0,0,0,#,0,0
#,0,0,0,#,#,0,0
ans
# S S # # S S S
S 9 7 # S 8 7 9
S 8 9 S 8 9 5 7
S 6 8 5 9 7 S #
# S 6 1 S 2 6 S
# S S 4 6 1 3 2
S 8 9 3 1 S 1 4
S 3 1 2 # S 2 1

/input5.txt
horizontal
#,#,#,#,#,#,#,#,#,#
7,0,0,15,0,0,0,3,0,0
14,0,0,23,0,0,0,15,0,0
#,28,0,0,0,0,0,0,0,#
29,0,0,0,0,14,0,0,0,0
18,0,0,0,0,29,0,0,0,0
#,#,16,0,0,0,0,0,#,#
#,41,0,0,0,0,0,0,0,#
9,0,0,0,#,#,7,0,0,0
22,0,0,0,#,#,17,0,0,0
vertical
#,7,34,#,28,23,41,#,32,10
#,0,0,#,0,0,0,#,0,0
#,0,0,41,0,0,0,28,0,0
#,7,0,0,0,0,0,0,0,11
#,0,0,0,0,#,0,0,0,0
#,0,0,0,0,3,0,0,0,0
#,#,14,0,0,0,0,0,16,#
#,8,0,0,0,0,0,0,0,4
#,0,0,0,#,#,#,0,0,0
#,0,0,0,#,#,#,0,0,0
ans
# S S # S S S # S S
S 1 6 S 2 9 4 S 2 1
S 6 8 S 6 8 9 S 6 9
# S 4 2 1 6 5 3 7 S
S 5 9 8 7 S 2 1 8 3
S 2 7 5 4 S 7 5 9 8
# # S 4 3 1 6 2 S #
# S 4 9 5 2 8 7 6 S
S 2 1 6 # # S 4 2 1
S 6 9 7 # # S 6 8 3

/input6.txt
horizontal
#,#,#,#,#,#,#,#,#,#
#,18,0,0,0,0,0,12,0,0
39,0,0,0,0,0,0,10,0,0
12,0,0,0,#,11,0,0,0,0
#,9,0,0,12,0,0,0,#,#
#,17,0,0,0,0,#,8,0,0
14,0,0,6,0,0,0,11,0,0
9,0,0,#,14,0,0,0,0,#
#,#,9,0,0,0,8,0,0,#
11,0,0,0,0,#,11,0,0,0
17,0,0,37,0,0,0,0,0,0
9,0,0,20,0,0,0,0,0,#
vertical
#,#,31,32,12,10,21,#,6,19
#,5,0,0,0,0,0,#,0,0
#,0,0,0,0,0,0,13,0,0
#,0,0,0,#,15,0,0,0,0
#,#,0,0,4,0,0,0,29,5
#,7,0,0,0,0,10,#,0,0
#,0,0,#,0,0,0,32,0,0
#,0,0,6,12,0,0,0,0,#
#,20,11,0,0,0,#,0,0,10
#,0,0,0,0,4,10,0,0,0
#,0,0,#,0,0,0,0,0,0
#,0,0,#,0,0,0,0,0,#
ans
# # S S S S S # S S
# S 1 2 4 3 8 S 3 9
S 4 5 6 8 7 9 S 2 8
S 1 3 8 # S 3 5 1 2
# S 2 7 S 3 1 8 S S
# S 4 9 3 1 S S 6 2
S 5 9 S 1 2 3 S 8 3
S 2 7 S S 4 7 2 1 #
# S S 1 3 5 S 6 2 S
S 3 2 5 1 S S 7 3 1
S 9 8 S 6 3 7 8 4 9
S 8 1 S 2 1 3 9 5 #

/input7.txt
horizontal
#,#,#,#,#,#,#,#,#,#,#,#
7,0,0,#,#,#,#,27,0,0,0,0
12,0,0,15,0,0,#,10,0,0,0,0
#,29,0,0,0,0,0,0,0,16,0,0
#,3,0,0,#,24,0,0,0,0,0,#
13,0,0,4,0,0,#,16,0,0,0,#
8,0,0,21,0,0,0,#,5,0,0,#
#,14,0,0,0,36,0,0,0,0,0,0
#,4,0,0,29,0,0,0,0,0,0,0
#,#,#,3,0,0,17,0,0,#,#,#
40,0,0,0,0,0,0,0,3,0,0,#
37,0,0,0,0,0,0,24,0,0,0,#
#,17,0,0,#,12,0,0,0,15,0,0
#,16,0,0,0,#,11,0,0,8,0,0
#,32,0,0,0,0,0,#,14,0,0,#
8,0,0,33,0,0,0,0,0,0,0,#
27,0,0,0,0,#,11,0,0,9,0,0
14,0,0,0,0,#,#,#,#,15,0,0
vertical
#,5,44,#,#,#,#,#,33,4,42,21
#,0,0,#,7,14,#,#,0,0,0,0
#,0,0,4,0,0,3,17,0,0,0,0
#,#,0,0,0,0,0,0,0,24,0,0
#,5,0,0,7,12,0,0,0,0,0,#
#,0,0,#,0,0,12,#,0,0,0,#
#,0,0,8,0,0,0,24,22,0,0,10
#,#,0,0,0,20,0,0,0,0,0,0
#,#,0,0,14,0,0,0,0,0,0,0
#,15,42,19,0,0,13,0,0,8,44,#
#,0,0,0,0,0,0,0,23,0,0,#
#,0,0,0,0,0,0,5,0,0,0,7
#,#,0,0,34,#,0,0,0,#,0,0
#,#,0,0,0,4,12,0,0,11,0,0
#,13,0,0,0,0,0,12,16,0,0,#
#,0,0,15,0,0,0,0,0,0,0,14
#,0,0,0,0,#,#,0,0,#,0,0
#,0,0,0,0,#,#,#,#,#,0,0
ans
# S S # # # # # S S S S
S 1 6 # S S # S 7 3 9 8
S 4 8 S 6 9 S S 3 1 2 4
# S 4 3 1 5 2 8 6 S 7 9
# S 2 1 S S 1 9 8 2 4 #
S 4 9 S 1 3 S S 9 1 6 #
S 1 7 S 4 9 8 S S 4 1 S
# S 5 7 2 S 1 5 7 9 8 6
# S 3 1 S 1 3 2 6 8 5 4
# S S S 1 2 S 8 9 S S #
S 7 5 2 6 8 3 9 S 1 2 #
S 8 4 3 7 9 6 S 9 7 8 S
# S 9 8 S S 4 2 6 S 9 6
# S 8 1 7 S S 3 8 S 7 1
# S 7 5 9 3 8 S S 9 5 #
S 6 2 S 6 1 4 8 9 2 3 S
S 4 6 9 8 # S 4 7 S 4 5
S 3 1 6 4 # # # # S 6 9


